#   iEdge      num_layerId       (rms_data / rms_mc - 1)           rms_data         rms_mc 
###   # -> no      0 1           0.167046        0.927952        0.795129
###    1 1           0.0511736        0.944031        0.898073
###    1 2           0.063915        0.934549        0.878405
###    1 3           0.133232        0.900389        0.794532
###   # -> very bad     2 1           0.550124        0.90628        0.58465
###    2 2           0.127418        0.98112        0.870237
###    2 3           0.0867755        0.928632        0.854483
#
#
#
       1      1      0.028      0.939     0.914
       2      1      0.077      0.972     0.902
       2      3      0.037      0.945     0.912
       1      2      0.025      0.94     0.918
       1      3      0.022      0.938     0.918
       2      2      0.061      0.97     0.914
       0      1      0.037      0.952     0.918
#
#