#   iEdge      num_layerId       (rms_data / rms_mc - 1)           rms_data         rms_mc 
#
#
####       0      4      -0.018      0.906     0.923
####       0      3      -0.009      0.913     0.921
###       1      3      0.042      0.865     0.831
###       1      2      0.059      0.893     0.843
###       1      4      0.026      0.891     0.868
###       0      2      0.01      0.951     0.942
###       0      1      0.078      1.075     0.998
###       2      1      0.151      1.02     0.886
###       2      2      0.022      0.81     0.792
###       1      1      0.083      1.033     0.954
###
### old one above and in the next restircted dedx x-axis range
###
#       
       0      4      0.018      0.524     0.514
       0      3      0.052      0.562     0.534
       1      3      0.051      0.539     0.513
       1      2      0.08      0.593     0.549
       1      4      0.075      0.528     0.491
       0      2      0.074      0.607     0.566
#       0      1      0.243      0.783     0.63
       0      1      0.29       0.783     0.63
#       2      1      0.164      0.779     0.669
#       2      1      0.274      0.779     0.669
       2      1      0.20        0.779     0.669
       2      2      0.035      0.56     0.541
#       1      1      0.171      0.777     0.664
#       1      1      0.320      0.777     0.664
       1      1      0.25      0.777     0.664
#
#       
#
#
# 0 1           0.0686651        1.06277        0.994482
# 0 2           0.0780945        1.01727        0.943577
# 1 1           0.0984496        1.03646        0.943567
# 1 2           0.0571574        0.893508        0.845199
# 1 3           0.0549717        0.841548        0.797697
# 1 4           0.130624        0.867304        0.767102
# 2 1           0.201038        1.0552        0.87857
# 2 2           0.227159        0.794219        0.647201
